0 0.100489 0.000100194 6.81253e-10
0.1 0.15031 0.0120491 7.84472e-06
0.2 0.201785 0.0276866 3.45305e-05
0.3 0.254547 0.0468033 8.49998e-05
0.4 0.308234 0.0691756 0.000163914
0.5 0.362487 0.0945671 0.000275634
0.6 0.416957 0.122731 0.000424206
0.7 0.471301 0.15341 0.000613342
0.8 0.525189 0.186343 0.000846414
0.9 0.578304 0.221259 0.00112644
1 0.630343 0.257886 0.00145608
1.1 0.681016 0.29595 0.00183762
1.2 0.730053 0.335175 0.00227299
1.3 0.777199 0.375289 0.00276374
1.4 0.822221 0.41602 0.00331107
1.5 0.864902 0.457103 0.00391581
1.6 0.905049 0.498278 0.00457842
1.7 0.942486 0.53929 0.00529903
1.8 0.977061 0.579897 0.00607743
1.9 1.0206 0.620028 0.00691308
2 1.09323 0.662366 0.00780707
2.1 1.16508 0.707641 0.00876345
2.2 1.23572 0.755484 0.00978617
2.3 1.30475 0.805521 0.0108787
2.4 1.37177 0.857379 0.0120439
2.5 1.43643 0.910684 0.0132843
2.6 1.49839 0.965063 0.0146017
2.7 1.55735 1.02015 0.0159978
2.8 1.61301 1.07558 0.0174733
2.9 1.66512 1.13101 0.0190288
3 1.71345 1.1861 0.0206643
3.1 1.75782 1.24051 0.0223792
3.2 1.79804 1.29393 0.0241728
3.3 1.83398 1.34607 0.0260437
3.4 1.86554 1.39663 0.0279901
3.5 1.89262 1.44536 0.0300101
3.6 1.91519 1.49201 0.032101
3.7 1.93322 1.53635 0.0342602
3.8 1.9467 1.57817 0.0364846
3.9 1.95569 1.61729 0.0387707
4 1.96022 1.65355 0.041115
4.1 1.96039 1.68681 0.0435137
4.2 1.95629 1.71693 0.0459627
4.3 1.94807 1.74384 0.0484578
4.4 1.93585 1.76745 0.0509949
4.5 1.91982 1.78771 0.0535693
4.6 1.90015 1.80458 0.0561767
4.7 1.87705 1.81806 0.0588126
4.8 1.85074 1.82815 0.0614723
4.9 1.82143 1.83488 0.0641514
5 1.78937 1.83831 0.0668454
5.1 1.7548 1.83849 0.0695499
5.2 1.71799 1.83551 0.0722605
5.3 1.67919 1.82947 0.074973
5.4 1.63866 1.82049 0.0776833
5.5 1.59668 1.80869 0.0803875
5.6 1.5535 1.79421 0.0830819
5.7 1.50941 1.77722 0.0857628
5.8 1.46465 1.75786 0.0884268
5.9 1.41949 1.73632 0.0910709
6 1.37419 1.71277 0.0936922
6.1 1.32899 1.6874 0.0962879
6.2 1.28414 1.66041 0.0988556
6.3 1.23985 1.63199 0.101393
6.4 1.19636 1.60233 0.103899
6.5 1.15387 1.57164 0.10637
6.6 1.11257 1.54012 0.108807
6.7 1.07266 1.50796 0.111208
6.8 1.03429 1.47536 0.113571
6.9 0.994757 1.44251 0.115897
7 0.916349 1.40726 0.118184
7.1 0.837429 1.36808 0.120427
7.2 0.758465 1.32533 0.122621
7.3 0.679914 1.27935 0.124761
7.4 0.602215 1.23051 0.126843
7.5 0.525789 1.17918 0.128862
7.6 0.451036 1.12573 0.130816
7.7 0.378335 1.07053 0.132702
7.8 0.308042 1.01396 0.134517
7.9 0.240487 0.956375 0.13626
8 0.175975 0.898151 0.137929
8.1 0.114782 0.839643 0.139523
8.2 0.0571568 0.781198 0.141043
8.3 0.00332098 0.723154 0.142487
8.4 -0.127853 0.662172 0.143856
8.5 -0.265119 0.594107 0.14514
8.6 -0.402453 0.519565 0.146332
8.7 -0.539028 0.439186 0.147421
8.8 -0.67405 0.353627 0.1484
8.9 -0.806754 0.263555 0.149262
9 -0.936414 0.169643 0.150002
9.1 -1.08364 0.0720501 0.150613
9.2 -1.24991 -0.0316318 0.15109
9.3 -1.41352 -0.14111 0.151422
9.4 -1.57359 -0.255551 0.151603
9.5 -1.72923 -0.374117 0.151625
9.6 -1.87965 -0.495971 0.151484
9.7 -2.02407 -0.62028 0.151174
9.8 -2.16182 -0.746223 0.150693
9.9 -2.29224 -0.872994 0.150038
10 -2.41476 -0.999806 0.149208
10.1 -2.52888 -1.12589 0.148203
10.2 -2.63414 -1.25052 0.147025
10.3 -2.73017 -1.37298 0.145674
10.4 -2.81666 -1.49261 0.144154
10.5 -2.89335 -1.60876 0.14247
10.6 -2.96006 -1.72084 0.140624
10.7 -3.01667 -1.8283 0.138624
10.8 -3.06314 -1.93063 0.136474
10.9 -3.09946 -2.02736 0.134183
11 -3.12571 -2.11808 0.131756
11.1 -3.142 -2.20242 0.129204
11.2 -3.14853 -2.28006 0.126533
11.3 -3.14552 -2.35073 0.123753
11.4 -3.13325 -2.4142 0.120874
11.5 -3.11206 -2.47031 0.117904
11.6 -3.08231 -2.51894 0.114855
11.7 -3.04442 -2.56 0.111735
11.8 -2.99883 -2.59347 0.108555
11.9 -2.94602 -2.61937 0.105325
12 -2.8865 -2.63776 0.102055
12.1 -2.8208 -2.64875 0.0987559
12.2 -2.74948 -2.65248 0.0954367
12.3 -2.6731 -2.64913 0.0921074
12.4 -2.59224 -2.63893 0.0887774
12.5 -2.50751 -2.62213 0.0854559
12.6 -2.41948 -2.59901 0.0821519
12.7 -2.32878 -2.5699 0.0788736
12.8 -2.23598 -2.53513 0.0756291
12.9 -2.14167 -2.49507 0.072426
13 -2.04646 -2.4501 0.0692713
13.1 -1.95089 -2.40062 0.0661717
13.2 -1.85553 -2.34706 0.0631331
13.3 -1.76091 -2.28983 0.060161
13.4 -1.66755 -2.22939 0.0572603
13.5 -1.57594 -2.16616 0.0544353
13.6 -1.48656 -2.10061 0.0516896
13.7 -1.39983 -2.03316 0.0490265
13.8 -1.31618 -1.96428 0.0464484
13.9 -1.23599 -1.8944 0.0439572
14 -1.15959 -1.82395 0.0415543
14.1 -1.08732 -1.75336 0.0392404
14.2 -1.01945 -1.68303 0.0370157
14.3 -0.926054 -1.61234 0.0348801
14.4 -0.82249 -1.53878 0.0328364
14.5 -0.72171 -1.46269 0.0308887
14.6 -0.624217 -1.38458 0.0290402
14.7 -0.53048 -1.30498 0.0272939
14.8 -0.440932 -1.22439 0.0256515
14.9 -0.355965 -1.14332 0.0241144
15 -0.275936 -1.06226 0.0226833
15.1 -0.20116 -0.981677 0.0213581
15.2 -0.131911 -0.902034 0.0201383
15.3 -0.068424 -0.823768 0.0190224
15.4 -0.0108907 -0.747296 0.0180087
15.5 0.109426 -0.670356 0.0170957
15.6 0.245525 -0.587968 0.0162885
15.7 0.37978 -0.500623 0.0155947
15.8 0.511439 -0.408994 0.0150208
15.9 0.639786 -0.313759 0.0145726
16 0.764148 -0.215596 0.0142549
16.1 0.883894 -0.115183 0.0140717
16.2 0.99844 -0.0131883 0.0140259
16.3 1.15014 0.091761 0.0141206
16.4 1.29862 0.201049 0.0143616
16.5 1.44261 0.313885 0.0147548
16.6 1.58134 0.429482 0.0153049
16.7 1.71414 0.547059 0.0160156
16.8 1.84038 0.665848 0.0168895
16.9 1.95947 0.785095 0.0179283
17 2.07089 0.904067 0.0191327
17.1 2.17421 1.02205 0.0205021
17.2 2.26901 1.13838 0.0220353
17.3 2.35498 1.25238 0.0237301
17.4 2.43183 1.36344 0.0255834
17.5 2.49937 1.47098 0.0275912
17.6 2.55744 1.57446 0.0297488
17.7 2.60597 1.67337 0.0320508
17.8 2.64492 1.76724 0.0344911
17.9 2.67433 1.85567 0.0370628
18 2.69428 1.93827 0.0397588
18.1 2.70492 2.01472 0.0425712
18.2 2.70644 2.08474 0.0454919
18.3 2.69907 2.14809 0.0485121
18.4 2.6831 2.20458 0.0516229
18.5 2.65886 2.25408 0.0548153
18.6 2.62672 2.29648 0.0580798
18.7 2.58707 2.33173 0.0614069
18.8 2.54036 2.35983 0.0647871
18.9 2.48704 2.38081 0.0682107
19 2.42761 2.39475 0.0716683
19.1 2.36257 2.40176 0.0751505
19.2 2.29246 2.402 0.078648
19.3 2.21782 2.39565 0.0821517
19.4 2.13919 2.38294 0.0856527
19.5 2.05715 2.36412 0.0891427
19.6 1.97225 2.33948 0.0926134
19.7 1.88506 2.30931 0.0960571
19.8 1.79613 2.27395 0.0994663
19.9 1.70603 2.23376 0.102834
20 1.61529 2.1891 0.106154
20.1 1.52444 2.14036 0.10942
20.2 1.43402 2.08793 0.112627
20.3 1.3445 2.03224 0.11577
20.4 1.25637 1.97368 0.118844
20.5 1.17008 1.91268 0.121846
20.6 1.08607 1.84967 0.124772
20.7 1.00474 1.78506 0.12762
20.8 0.885651 1.71742 0.130387
20.9 0.76499 1.64496 0.133066
21 0.645876 1.56823 0.135652
21.1 0.528955 1.48781 0.138138
21.2 0.414841 1.40428 0.14052
21.3 0.304111 1.31822 0.142793
21.4 0.197306 1.23021 0.144955
21.5 0.0949277 1.14082 0.147002
21.6 -0.00494865 1.05062 0.148932
21.7 -0.184114 0.955758 0.150743
21.8 -0.362598 0.853069 0.152425
21.9 -0.539354 0.743396 0.153967
22 -0.713376 0.627603 0.15536
22.1 -0.883707 0.506564 0.156595
22.2 -1.06225 0.38097 0.157666
22.3 -1.26673 0.248761 0.158565
22.4 -1.46736 0.109928 0.159282
22.5 -1.66305 -0.0344957 0.159808
22.6 -1.85276 -0.183476 0.160135
22.7 -2.03552 -0.335983 0.160258
22.8 -2.21044 -0.490994 0.160171
22.9 -2.3767 -0.647506 0.159872
23 -2.53355 -0.804535 0.159358
23.1 -2.68032 -0.961123 0.158629
23.2 -2.81641 -1.11634 0.157685
23.3 -2.94133 -1.26931 0.156528
23.4 -3.05465 -1.41917 0.155162
23.5 -3.15602 -1.56511 0.153589
23.6 -3.24517 -1.70639 0.151817
23.7 -3.32193 -1.84228 0.14985
23.8 -3.38618 -1.97214 0.147696
23.9 -3.43791 -2.09536 0.145363
24 -3.47715 -2.2114 0.14286
24.1 -3.50403 -2.31978 0.140196
24.2 -3.51874 -2.42008 0.137383
24.3 -3.52153 -2.51193 0.13443
24.4 -3.51273 -2.59503 0.131349
24.5 -3.4927 -2.66913 0.128152
24.6 -3.4619 -2.73406 0.12485
24.7 -3.42079 -2.7897 0.121457
24.8 -3.36991 -2.83598 0.117984
24.9 -3.30983 -2.87289 0.114444
25 -3.24117 -2.9005 0.110849
25.1 -3.16456 -2.9189 0.107213
25.2 -3.08068 -2.92825 0.103547
25.3 -2.99022 -2.92875 0.0998628
25.4 -2.89389 -2.92066 0.0961732
25.5 -2.79241 -2.90427 0.0924894
25.6 -2.68653 -2.87991 0.0888224
25.7 -2.57697 -2.84796 0.0851829
25.8 -2.46448 -2.80882 0.0815811
25.9 -2.34979 -2.76292 0.0780265
26 -2.23362 -2.71074 0.0745283
26.1 -2.11668 -2.65276 0.0710947
26.2 -1.99968 -2.58948 0.0677337
26.3 -1.88327 -2.52143 0.0644522
26.4 -1.76811 -2.44914 0.0612566
26.5 -1.65483 -2.37315 0.0581526
26.6 -1.54401 -2.29403 0.0551451
26.7 -1.43623 -2.21231 0.0522383
26.8 -1.33199 -2.12855 0.0494357
26.9 -1.2318 -2.04329 0.04674
27 -1.1361 -1.95708 0.0441531
27.1 -1.0453 -1.87044 0.0416764
27.2 -0.939351 -1.78341 0.0393105
27.3 -0.814769 -1.6934 0.037058
27.4 -0.693732 -1.60048 0.0349236
27.5 -0.576841 -1.50528 0.032911
27.6 -0.464653 -1.40842 0.0310234
27.7 -0.357682 -1.31052 0.0292629
27.8 -0.256395 -1.2122 0.027631
27.9 -0.16121 -1.11403 0.0261282
28 -0.0724984 -1.01659 0.0247542
28.1 0.0194084 -0.920381 0.0235081
28.2 0.181717 -0.8209 0.0223908
28.3 0.34167 -0.715646 0.0214098
28.4 0.498379 -0.605423 0.0205728
28.5 0.650998 -0.491041 0.0198864
28.6 0.798734 -0.373308 0.0193563
28.7 0.940844 -0.253028 0.0189868
28.8 1.10113 -0.130316 0.0187816
28.9 1.27488 -0.00290199 0.0187461
29 1.44342 0.128682 0.0188871
29.1 1.60589 0.263518 0.0192101
29.2 1.76147 0.400696 0.0197196
29.3 1.90944 0.539321 0.0204186
29.4 2.04912 0.678515 0.0213091
29.5 2.17989 0.817423 0.0223918
29.6 2.30124 0.955217 0.0236663
29.7 2.4127 1.0911 0.0251313
29.8 2.51387 1.22432 0.026784
29.9 2.60445 1.35414 0.0286209
30 2.68419 1.47988 0.0306375
30.1 2.75292 1.60092 0.0328284
30.2 2.81053 1.71666 0.0351872
30.3 2.85699 1.82656 0.0377067
30.4 2.89234 1.93013 0.0403793
30.5 2.91667 2.02694 0.0431964
30.6 2.93015 2.1166 0.046149
30.7 2.933 2.19878 0.0492275
30.8 2.92548 2.27321 0.0524219
30.9 2.90794 2.33966 0.0557218
31 2.88076 2.39796 0.0591166
31.1 2.84435 2.44801 0.0625953
31.2 2.79918 2.48974 0.0661469
31.3 2.74577 2.52313 0.0697602
31.4 2.68464 2.54824 0.0734241
31.5 2.61637 2.56513 0.0771276
31.6 2.54156 2.57396 0.0808595
31.7 2.4608 2.57489 0.0846092
31.8 2.37475 2.56814 0.0883661
31.9 2.28403 2.55398 0.0921198
32 2.18931 2.53268 0.0958606
32.1 2.09124 2.50459 0.0995787
32.2 1.99047 2.47005 0.103265
32.3 1.88766 2.42946 0.106911
32.4 1.78345 2.38321 0.110509
32.5 1.67848 2.33175 0.114051
32.6 1.57336 2.27552 0.11753
32.7 1.46871 2.21498 0.12094
32.8 1.36509 2.15061 0.124275
32.9 1.26307 2.0829 0.12753
33 1.16317 2.01232 0.1307
33.1 1.06591 1.93937 0.133781
33.2 0.95894 1.86435 0.136771
33.3 0.824114 1.78482 0.139665
33.4 0.690834 1.70036 0.142456
33.5 0.559831 1.61162 0.145137
33.6 0.431797 1.51925 0.147702
33.7 0.307389 1.42389 0.150147
33.8 0.187222 1.32619 0.152468
33.9 0.0718655 1.2268 0.154661
34 -0.0680712 1.12583 0.156724
34.1 -0.260947 1.01788 0.158652
34.2 -0.452344 0.902097 0.160433
34.3 -0.641162 0.779394 0.162057
34.4 -0.82635 0.650712 0.163514
34.5 -1.00852 0.516997 0.164797
34.6 -1.22703 0.376965 0.165897
34.7 -1.44158 0.229743 0.166805
34.8 -1.65101 0.0764286 0.16751
34.9 -1.85419 -0.0818749 0.168005
35 -2.0501 -0.244069 0.168283
35.1 -2.23777 -0.409064 0.168339
35.2 -2.41632 -0.575789 0.168169
35.3 -2.58493 -0.743191 0.16777
35.4 -2.74289 -0.910247 0.167143
35.5 -2.88955 -1.07597 0.166286
35.6 -3.02437 -1.2394 0.165203
35.7 -3.14688 -1.39962 0.163896
35.8 -3.25669 -1.55579 0.162369
35.9 -3.35353 -1.70707 0.160628
36 -3.43718 -1.85271 0.15868
36.1 -3.50752 -1.992 0.156531
36.2 -3.56451 -2.1243 0.154192
36.3 -3.6082 -2.24902 0.151669
36.4 -3.6387 -2.36564 0.148975
36.5 -3.6562 -2.4737 0.14612
36.6 -3.66097 -2.57279 0.143115
36.7 -3.65334 -2.66261 0.139972
36.8 -3.63371 -2.74287 0.136705
36.9 -3.60252 -2.81338 0.133324
37 -3.5603 -2.874 0.129844
37.1 -3.5076 -2.92466 0.126278
37.2 -3.44503 -2.96534 0.12264
37.3 -3.37322 -2.99609 0.118941
37.4 -3.29287 -3.01702 0.115197
37.5 -3.20468 -3.02828 0.111419
37.6 -3.10939 -3.03009 0.107622
37.7 -3.00775 -3.02271 0.103816
37.8 -2.90054 -3.00645 0.100016
37.9 -2.78853 -2.98165 0.0962324
38 -2.67252 -2.94872 0.0924769
38.1 -2.55329 -2.90807 0.0887604
38.2 -2.43161 -2.86017 0.0850933
38.3 -2.30827 -2.80551 0.0814852
38.4 -2.18402 -2.7446 0.0779451
38.5 -2.0596 -2.67798 0.0744815
38.6 -1.93574 -2.60621 0.071102
38.7 -1.81313 -2.52986 0.0678133
38.8 -1.69243 -2.4495 0.0646218
38.9 -1.57429 -2.36572 0.0615326
39 -1.4593 -2.2791 0.0585505
39.1 -1.34803 -2.19024 0.055679
39.2 -1.24101 -2.09972 0.0529214
39.3 -1.13871 -2.00811 0.0502797
39.4 -1.04159 -1.91597 0.0477554
39.5 -0.926426 -1.82322 0.0453494
39.6 -0.795961 -1.72734 0.0430646
39.7 -0.669417 -1.62856 0.0409058
39.8 -0.547416 -1.52755 0.0388767
39.9 -0.430536 -1.42498 0.0369804
40 -0.319304 -1.32148 0.0352189
40.1 -0.214199 -1.21771 0.0335935
40.2 -0.115652 -1.11426 0.0321045
40.3 -0.0240377 -1.01176 0.0307514
40.4 0.122443 -0.908585 0.0295338
40.5 0.289787 -0.799595 0.0284571
40.6 0.45388 -0.685298 0.0275294
40.7 0.613835 -0.566536 0.0267578
40.8 0.768815 -0.444153 0.0261483
40.9 0.918037 -0.318991 0.0257058
41 1.07919 -0.191492 0.025434
41.1 1.25932 -0.059404 0.0253381
41.2 1.43405 0.0770021 0.025425
41.3 1.6025 0.216776 0.0257004
41.4 1.76381 0.358974 0.0261689
41.5 1.91722 0.502669 0.0268336
41.6 2.06205 0.646952 0.0276967
41.7 2.19765 0.790937 0.0287589
41.8 2.32348 0.933766 0.0300197
41.9 2.43906 1.07461 0.0314777
42 2.54399 1.21269 0.0331301
42.1 2.63794 1.34726 0.0349734
42.2 2.72066 1.4776 0.0370027
42.3 2.79197 1.60306 0.0392124
42.4 2.85176 1.72303 0.0415959
42.5 2.9 1.83695 0.044146
42.6 2.93673 1.94431 0.0468545
42.7 2.96204 2.04466 0.0497126
42.8 2.97611 2.1376 0.052711
42.9 2.97916 2.2228 0.0558398
43 2.97148 2.29996 0.0590885
43.1 2.95341 2.36885 0.0624463
43.2 2.92535 2.42931 0.0659024
43.3 2.88773 2.48121 0.0694453
43.4 2.84104 2.52449 0.0730636
43.5 2.78581 2.55914 0.0767457
43.6 2.72259 2.5852 0.0804802
43.7 2.65197 2.60275 0.0842555
43.8 2.57457 2.61194 0.0880602
43.9 2.49102 2.61296 0.0918831
44 2.40197 2.60602 0.0957134
44.1 2.3081 2.59139 0.0995403
44.2 2.21008 2.56937 0.103354
44.3 2.10859 2.54032 0.107143
44.4 2.00431 2.50459 0.1109
44.5 1.89791 2.46258 0.114615
44.6 1.79007 2.41472 0.11828
44.7 1.68144 2.36146 0.121887
44.8 1.57266 2.30325 0.125429
44.9 1.46436 2.24059 0.128898
45 1.35714 2.17395 0.13229
45.1 1.25157 2.10385 0.135599
45.2 1.14821 2.03079 0.13882
45.3 1.04757 1.95527 0.141949
45.4 0.927984 1.87724 0.144983
45.5 0.789477 1.79414 0.147916
45.6 0.652738 1.70611 0.150742
45.7 0.51851 1.61383 0.153453
45.8 0.387499 1.51796 0.156044
45.9 0.260371 1.41917 0.158509
46 0.137749 1.31813 0.160846
46.1 0.0202094 1.21548 0.163051
46.2 -0.16267 1.10908 0.165121
46.3 -0.359502 0.994333 0.167046
46.4 -0.554236 0.872041 0.168816
46.5 -0.745771 0.743162 0.170419
46.6 -0.93306 0.608661 0.171848
46.7 -1.14251 0.46866 0.173094
46.8 -1.36345 0.321141 0.174148
46.9 -1.57963 0.166946 0.174999
47 -1.78989 0.00720135 0.175639
47.1 -1.99314 -0.15697 0.17606
47.2 -2.18837 -0.32445 0.176256
47.3 -2.37464 -0.494137 0.176222
47.4 -2.55109 -0.664949 0.175957
47.5 -2.71695 -0.835827 0.175458
47.6 -2.87154 -1.00575 0.174725
47.7 -3.01424 -1.17372 0.173759
47.8 -3.14457 -1.33879 0.172564
47.9 -3.26208 -1.50007 0.171142
48 -3.36645 -1.65669 0.1695
48.1 -3.45743 -1.80786 0.167643
48.2 -3.53486 -1.95284 0.165578
48.3 -3.59867 -2.09093 0.163314
48.4 -3.64887 -2.22152 0.160861
48.5 -3.68555 -2.34405 0.158228
48.6 -3.70886 -2.45802 0.155425
48.7 -3.71907 -2.563 0.152465
48.8 -3.71646 -2.65863 0.14936
48.9 -3.70143 -2.74461 0.146121
49 -3.67442 -2.82071 0.142763
49.1 -3.63591 -2.88676 0.139297
49.2 -3.58647 -2.94266 0.135739
49.3 -3.52669 -2.98837 0.1321
49.4 -3.45722 -3.02392 0.128395
49.5 -3.37873 -3.04939 0.124638
49.6 -3.29195 -3.06492 0.120841
49.7 -3.1976 -3.0707 0.117019
49.8 -3.09647 -3.06698 0.113184
49.9 -2.98932 -3.05407 0.109349
50 -2.87695 -3.03229 0.105526
50.1 -2.76017 -3.00203 0.101727
50.2 -2.63977 -2.96372 0.0979638
50.3 -2.51656 -2.9178 0.0942468
50.4 -2.39133 -2.86478 0.0905862
50.5 -2.26485 -2.80517 0.0869915
50.6 -2.13791 -2.73951 0.0834716
50.7 -2.01123 -2.66835 0.0800344
50.8 -1.88555 -2.59227 0.0766875
50.9 -1.76155 -2.51186 0.0734373
51 -1.63989 -2.42772 0.0702896
51.1 -1.52122 -2.34044 0.0672494
51.2 -1.40611 -2.25062 0.0643209
51.3 -1.29513 -2.15887 0.0615074
51.4 -1.18877 -2.06577 0.0588117
51.5 -1.08753 -1.9719 0.0562353
51.6 -0.988083 -1.87782 0.0537795
51.7 -0.854624 -1.78166 0.0514455
51.8 -0.724929 -1.68235 0.0492379
51.9 -0.599645 -1.58056 0.0471608
52 -0.479371 -1.47696 0.0452175
52.1 -0.364659 -1.37221 0.0434106
52.2 -0.256012 -1.26698 0.0417413
52.3 -0.153882 -1.16188 0.0402105
52.4 -0.0586681 -1.05754 0.038818
52.5 0.0583397 -0.954047 0.0375627
52.6 0.227354 -0.84599 0.0364472
52.7 0.393345 -0.73237 0.0354795
52.8 0.555406 -0.614034 0.0346671
52.9 0.712681 -0.491832 0.0340163
53 0.864368 -0.36661 0.0335322
53.1 1.0126 -0.239198 0.0332189
53.2 1.19454 -0.108082 0.0330805
53.3 1.37131 0.0276228 0.0331235
53.4 1.54202 0.166963 0.0333542
53.5 1.70579 0.30899 0.0337774
53.6 1.86185 0.452769 0.0343967
53.7 2.00947 0.597383 0.0352145
53.8 2.14801 0.741936 0.0362318
53.9 2.27689 0.88556 0.0374486
54 2.39562 1.02742 0.0388637
54.1 2.50377 1.16671 0.0404746
54.2 2.60099 1.30268 0.0422779
54.3 2.687 1.4346 0.0442693
54.4 2.76162 1.5618 0.0464431
54.5 2.8247 1.68365 0.0487933
54.6 2.87621 1.79958 0.0513124
54.7 2.91615 1.90907 0.0539928
54.8 2.94461 2.01165 0.0568256
54.9 2.96175 2.1069 0.0598018
55 2.96776 2.19447 0.0629113
55.1 2.96294 2.27405 0.0661441
55.2 2.94759 2.3454 0.0694894
55.3 2.92211 2.40833 0.0729361
55.4 2.88693 2.46271 0.076473
55.5 2.84252 2.50846 0.0800887
55.6 2.78939 2.54554 0.0837715
55.7 2.72809 2.574 0.08751
55.8 2.65921 2.5939 0.0912925
55.9 2.58336 2.60537 0.0951076
56 2.50116 2.60858 0.0989441
56.1 2.41328 2.60375 0.102791
56.2 2.32038 2.59114 0.106637
56.3 2.22313 2.57103 0.110473
56.4 2.12221 2.54377 0.114287
56.5 2.01831 2.5097 0.118071
56.6 1.91211 2.46924 0.121815
56.7 1.80428 2.42279 0.125512
56.8 1.69548 2.37079 0.129152
56.9 1.58635 2.31371 0.132729
57 1.47754 2.25203 0.136235
57.1 1.36965 2.18623 0.139665
57.2 1.26326 2.11681 0.143012
57.3 1.15894 2.04429 0.146273
57.4 1.05721 1.96917 0.149444
57.5 0.940607 1.89158 0.152519
57.6 0.801022 1.80898 0.155495
57.7 0.663072 1.72131 0.158363
57.8 0.52751 1.62923 0.161118
57.9 0.395054 1.53341 0.163752
58 0.266381 1.43453 0.166262
58.1 0.142126 1.33326 0.168643
58.2 0.0228795 1.23026 0.170891
58.3 -0.160001 1.1235 0.173004
58.4 -0.358558 1.0083 0.174973
58.5 -0.555071 0.885441 0.176784
58.6 -0.748426 0.75588 0.178429
58.7 -0.937564 0.620592 0.179898
58.8 -1.14991 0.479641 0.181184
58.9 -1.37277 0.331051 0.182276
59 -1.59087 0.175709 0.183164
59.1 -1.80302 0.0147476 0.18384
59.2 -2.00813 -0.150699 0.184294
59.3 -2.20517 -0.319506 0.184522
59.4 -2.3932 -0.49056 0.18452
59.5 -2.57135 -0.66277 0.184283
59.6 -2.73884 -0.835069 0.18381
59.7 -2.89497 -1.00642 0.183102
59.8 -3.03915 -1.17583 0.18216
59.9 -3.17084 -1.34234 0.180985
60 -3.28964 -1.50504 0.179583
60.1 -3.39518 -1.66307 0.177958
60.2 -3.48724 -1.81561 0.176116
60.3 -3.56564 -1.96193 0.174066
60.4 -3.63031 -2.10132 0.171814
60.5 -3.68125 -2.23316 0.169371
60.6 -3.71856 -2.35689 0.166746
60.7 -3.7424 -2.47199 0.163951
60.8 -3.75301 -2.57805 0.160996
60.9 -3.75071 -2.67468 0.157895
61 -3.73587 -2.76158 0.154659
61.1 -3.70893 -2.83853 0.151303
61.2 -3.67041 -2.90536 0.147838
61.3 -3.62085 -2.96195 0.144278
61.4 -3.56085 -3.00828 0.140638
61.5 -3.49107 -3.04436 0.136932
61.6 -3.41218 -3.07027 0.133171
61.7 -3.32492 -3.08616 0.129371
61.8 -3.23001 -3.09222 0.125545
61.9 -3.12825 -3.0887 0.121706
62 -3.02041 -3.0759 0.117867
62.1 -2.90729 -3.05415 0.114039
62.2 -2.7897 -3.02385 0.110236
62.3 -2.66845 -2.98542 0.106469
62.4 -2.54434 -2.93932 0.102747
62.5 -2.41819 -2.88604 0.099083
62.6 -2.29076 -2.82611 0.0954849
62.7 -2.16285 -2.76006 0.0919619
62.8 -2.03519 -2.68847 0.0885223
62.9 -1.90852 -2.6119 0.0851735
63 -1.78353 -2.53095 0.0819221
63.1 -1.66089 -2.44623 0.0787741
63.2 -1.54124 -2.35833 0.0757343
63.3 -1.42518 -2.26787 0.0728071
63.4 -1.31326 -2.17543 0.0699959
63.5 -1.206 -2.08163 0.0673032
63.6 -1.10388 -1.98704 0.064731
63.7 -1.00732 -1.89224 0.0622803
63.8 -0.876794 -1.79602 0.059952
63.9 -0.746734 -1.69662 0.0577502
64 -0.621071 -1.59471 0.0556791
64.1 -0.500408 -1.49098 0.0537419
64.2 -0.385301 -1.38607 0.0519413
64.3 -0.276255 -1.28065 0.0502787
64.4 -0.173723 -1.17535 0.0487548
64.5 -0.0781089 -1.07078 0.0473694
64.6 0.0205113 -0.96747 0.0461216
64.7 0.188772 -0.860958 0.0450123
64.8 0.354158 -0.7488 0.0440487
64.9 0.515762 -0.631838 0.0432384
65 0.672727 -0.510914 0.0425879
65.1 0.824249 -0.386872 0.0421025
65.2 0.969579 -0.260546 0.0417864
65.3 1.14174 -0.131489 0.0416429
65.4 1.31808 0.00221108 0.0416782
65.5 1.48858 0.139705 0.0418984
65.6 1.65237 0.280053 0.0423087
65.7 1.80867 0.422323 0.042913
65.8 1.95673 0.565603 0.0437136
65.9 2.09591 0.708998 0.0447121
66 2.22563 0.851644 0.0459086
66.1 2.34537 0.992704 0.047302
66.2 2.45469 1.13138 0.0488903
66.3 2.55325 1.2669 0.0506702
66.4 2.64074 1.39855 0.0526375
66.5 2.71695 1.52565 0.054787
66.6 2.78176 1.64756 0.0571127
66.7 2.83509 1.76372 0.0596076
66.8 2.87694 1.87359 0.062264
66.9 2.90738 1.97669 0.0650734
67 2.92656 2.07261 0.0680269
67.1 2.93466 2.16098 0.0711148
67.2 2.93195 2.24148 0.0743269
67.3 2.91875 2.31386 0.0776528
67.4 2.89541 2.37793 0.0810816
67.5 2.86236 2.43354 0.0846021
67.6 2.82006 2.48059 0.0882031
67.7 2.769 2.51907 0.091873
67.8 2.70974 2.54897 0.0956005
67.9 2.64284 2.57037 0.099374
68 2.5689 2.58338 0.103182
68.1 2.48855 2.58817 0.107014
68.2 2.40242 2.58494 0.110858
68.3 2.31118 2.57393 0.114704
68.4 2.21549 2.55543 0.118541
68.5 2.11603 2.52976 0.122359
68.6 2.01348 2.49728 0.126149
68.7 1.90851 2.45836 0.129901
68.8 1.80178 2.41343 0.133608
68.9 1.69397 2.3629 0.137261
69 1.5857 2.30725 0.140852
69.1 1.47763 2.24693 0.144374
69.2 1.37034 2.18242 0.147822
69.3 1.26443 2.11424 0.15119
69.4 1.16046 2.04287 0.154472
69.5 1.05896 1.96882 0.157666
69.6 0.94303 1.89225 0.160766
69.7 0.803462 1.8106 0.163768
69.8 0.665407 1.72379 0.166664
69.9 0.529623 1.63248 0.169447
70 0.396832 1.53734 0.172111
70.1 0.267717 1.43903 0.174651
70.2 0.142919 1.33823 0.177063
70.3 0.0230324 1.2356 0.179344
70.4 -0.160576 1.12912 0.18149
70.5 -0.359945 1.0141 0.183491
70.6 -0.557343 0.891328 0.185336
70.7 -0.751653 0.76176 0.187014
70.8 -0.941805 0.626375 0.188517
70.9 -1.15638 0.485166 0.189836
71 -1.38043 0.336203 0.190961
71.1 -1.59973 0.180412 0.191882
71.2 -1.8131 0.0189319 0.192589
71.3 -2.01945 -0.147098 0.193075
71.4 -2.21773 -0.316548 0.193334
71.5 -2.407 -0.488299 0.193361
71.6 -2.58638 -0.661254 0.193153
71.7 -2.75508 -0.834341 0.192708
71.8 -2.9124 -1.00652 0.192027
71.9 -3.05773 -1.17678 0.19111
72 -3.19055 -1.34417 0.189961
72.1 -3.31043 -1.50777 0.188582
72.2 -3.41701 -1.66671 0.186979
72.3 -3.51006 -1.82017 0.185159
72.4 -3.58939 -1.96741 0.183128
72.5 -3.65493 -2.10772 0.180896
72.6 -3.70669 -2.24047 0.17847
72.7 -3.74475 -2.36509 0.175862
72.8 -3.76927 -2.48107 0.173082
72.9 -3.78049 -2.58798 0.170142
73 -3.77873 -2.68543 0.167054
73.1 -3.76436 -2.77314 0.16383
73.2 -3.73783 -2.85085 0.160484
73.3 -3.69964 -2.91839 0.157029
73.4 -3.65033 -2.97566 0.153479
73.5 -3.59052 -3.02262 0.149847
73.6 -3.52086 -3.05929 0.146148
73.7 -3.44203 -3.08574 0.142394
73.8 -3.35475 -3.10212 0.1386
73.9 -3.25977 -3.10862 0.13478
74 -3.15786 -3.10549 0.130945
74.1 -3.04982 -3.09302 0.12711
74.2 -2.93645 -3.07155 0.123287
74.3 -2.81856 -3.04147 0.119488
74.4 -2.69696 -3.00322 0.115723
74.5 -2.57246 -2.95724 0.112005
74.6 -2.44586 -2.90403 0.108344
74.7 -2.31797 -2.84411 0.104749
74.8 -2.18954 -2.77803 0.101229
74.9 -2.06135 -2.70636 0.0977924
75 -1.93412 -2.62967 0.0944469
75.1 -1.80855 -2.54856 0.091199
75.2 -1.68532 -2.46363 0.0880546
75.3 -1.56506 -2.37549 0.0850189
75.4 -1.44839 -2.28474 0.0820961
75.5 -1.33585 -2.192 0.0792897
75.6 -1.22797 -2.09785 0.0766024
75.7 -1.12524 -2.0029 0.074036
75.8 -1.02808 -1.9077 0.0715916
75.9 -0.906839 -1.81182 0.0692698
76 -0.776736 -1.71289 0.0670738
76.1 -0.650967 -1.6114 0.0650079
76.2 -0.53014 -1.50802 0.0630756
76.3 -0.41481 -1.40343 0.0612793
76.4 -0.305488 -1.29826 0.0596206
76.5 -0.202631 -1.19316 0.0581004
76.6 -0.106644 -1.08874 0.0567184
76.7 -0.0178802 -0.985589 0.0554739
76.8 0.131365 -0.881694 0.0543659
76.9 0.295677 -0.77219 0.0534
77 0.456478 -0.657718 0.052584
77.1 0.612908 -0.539113 0.0519245
77.2 0.764156 -0.417207 0.0514269
77.3 0.909468 -0.29283 0.0510958
77.4 1.06311 -0.16654 0.0509345
77.5 1.23885 -0.0361358 0.0509473
77.6 1.40914 0.0983359 0.0511408
77.7 1.57309 0.235943 0.0515203
77.8 1.7299 0.375764 0.0520901
77.9 1.87884 0.51689 0.0528531
78 2.01922 0.658432 0.0538111
78.1 2.15045 0.799526 0.0549647
78.2 2.272 0.939336 0.0563131
78.3 2.38341 1.07706 0.0578548
78.4 2.4843 1.21193 0.0595868
78.5 2.57436 1.34321 0.0615055
78.6 2.65336 1.47024 0.0636059
78.7 2.72114 1.59236 0.0658824
78.8 2.7776 1.70898 0.0683285
78.9 2.82273 1.81958 0.0709366
79 2.85657 1.92365 0.0736989
79.1 2.87923 2.02076 0.0766065
79.2 2.89089 2.11054 0.0796502
79.3 2.89179 2.19266 0.0828201
79.4 2.88221 2.26685 0.0861059
79.5 2.8625 2.33289 0.0894971
79.6 2.83306 2.39063 0.0929827
79.7 2.79432 2.43995 0.0965517
79.8 2.74677 2.4808 0.100193
79.9 2.69093 2.51319 0.103894
80 2.62736 2.53716 0.107646
80.1 2.55662 2.5528 0.111435
80.2 2.47935 2.56026 0.115251
80.3 2.39615 2.55974 0.119083
80.4 2.30768 2.55145 0.122921
80.5 2.2146 2.53566 0.126754
80.6 2.11756 2.51269 0.130572
80.7 2.01723 2.48287 0.134365
80.8 1.91429 2.44657 0.138124
80.9 1.8094 2.40418 0.14184
81 1.7032 2.35612 0.145506
81.1 1.59634 2.30284 0.149114
81.2 1.48945 2.2448 0.152657
81.3 1.38314 2.18246 0.156128
81.4 1.27799 2.11632 0.159522
81.5 1.17457 2.04687 0.162834
81.6 1.0734 1.9746 0.166058
81.7 0.964047 1.89987 0.169193
81.8 0.824793 1.82032 0.172231
81.9 0.686803 1.73543 0.175167
82 0.550843 1.64585 0.177993
82.1 0.417642 1.55225 0.180702
82.2 0.287893 1.45529 0.183289
82.3 0.162247 1.35565 0.185749
82.4 0.04131 1.25398 0.18808
82.5 -0.13004 1.14919 0.190278
82.6 -0.330082 1.03598 0.192334
82.7 -0.528429 0.914763 0.194236
82.8 -0.723948 0.78651 0.195974
82.9 -0.915556 0.652193 0.197538
83 -1.12584 0.51216 0.198919
83.1 -1.35145 0.364328 0.200109
83.2 -1.57255 0.209406 0.201096
83.3 -1.78796 0.0485366 0.201871
83.4 -1.99655 -0.117139 0.202425
83.5 -2.19727 -0.286484 0.202752
83.6 -2.38914 -0.458373 0.202848
83.7 -2.57126 -0.631702 0.202709
83.8 -2.74284 -0.805388 0.202333
83.9 -2.90315 -0.978381 0.201719
84 -3.05156 -1.14967 0.200869
84.1 -3.18752 -1.31827 0.199784
84.2 -3.31058 -1.48326 0.198469
84.3 -3.42037 -1.64375 0.196929
84.4 -3.51663 -1.79893 0.195168
84.5 -3.59917 -1.94801 0.193195
84.6 -3.66788 -2.09029 0.191017
84.7 -3.72276 -2.22512 0.188644
84.8 -3.76388 -2.35191 0.186085
84.9 -3.79138 -2.47014 0.183352
85 -3.80548 -2.57935 0.180456
85.1 -3.80649 -2.67915 0.177409
85.2 -3.79476 -2.76924 0.174223
85.3 -3.77074 -2.84934 0.170912
85.4 -3.73491 -2.91928 0.167488
85.5 -3.68781 -2.97894 0.163966
85.6 -3.63005 -3.02826 0.16036
85.7 -3.56225 -3.06724 0.156682
85.8 -3.48512 -3.09595 0.152948
85.9 -3.39935 -3.11453 0.14917
86 -3.3057 -3.12315 0.145362
86.1 -3.20494 -3.12206 0.141538
86.2 -3.09786 -3.11153 0.137711
86.3 -2.98525 -3.0919 0.133892
86.4 -2.86794 -3.06355 0.130095
86.5 -2.74674 -3.0269 0.126331
86.6 -2.62246 -2.98241 0.122612
86.7 -2.4959 -2.93056 0.118947
86.8 -2.36788 -2.87187 0.115346
86.9 -2.23916 -2.80688 0.111819
87 -2.11052 -2.73615 0.108374
87.1 -1.98268 -2.66027 0.105019
87.2 -1.85636 -2.57983 0.10176
87.3 -1.73225 -2.49543 0.0986044
87.4 -1.611 -2.40768 0.0955564
87.5 -1.4932 -2.31718 0.0926209
87.6 -1.37944 -2.22456 0.0898015
87.7 -1.27026 -2.1304 0.0871011
87.8 -1.16612 -2.0353 0.0845217
87.9 -1.06749 -1.93985 0.0820644
88 -0.962953 -1.84444 0.0797299
88.1 -0.832327 -1.74673 0.0775198
88.2 -0.705847 -1.64628 0.0754381
88.3 -0.584128 -1.54378 0.0734886
88.4 -0.467739 -1.43988 0.0716741
88.5 -0.357201 -1.33523 0.0699963
88.6 -0.252982 -1.23048 0.0684562
88.7 -0.155502 -1.12624 0.0670541
88.8 -0.0651267 -1.02312 0.0657891
88.9 0.0366093 -0.921468 0.0646599
89 0.199891 -0.816272 0.0636675
89.1 0.360147 -0.705775 0.0628192
89.2 0.516506 -0.590798 0.0621221
89.3 0.668144 -0.472163 0.0615822
89.4 0.81429 -0.350692 0.0612043
89.5 0.95423 -0.227195 0.0609924
89.6 1.11573 -0.101559 0.0609493
89.7 1.28646 0.0283873 0.0610803
89.8 1.45146 0.161965 0.0613912
89.9 1.60991 0.298262 0.0618871
90 1.76103 0.436374 0.0625715
90.1 1.90413 0.575415 0.063447
90.2 2.03857 0.714521 0.0645146
90.3 2.16378 0.852852 0.0657746
90.4 2.27929 0.989598 0.0672258
90.5 2.38466 1.12398 0.0688661
90.6 2.47955 1.25527 0.0706925
90.7 2.5637 1.38275 0.0727007
90.8 2.63688 1.50578 0.0748856
90.9 2.69898 1.62375 0.0772413
91 2.74994 1.7361 0.079761
91.1 2.78976 1.84231 0.0824372
91.2 2.8185 1.94193 0.0852616
91.3 2.83632 2.03455 0.0882255
91.4 2.8434 2.11982 0.0913194
91.5 2.83999 2.19744 0.0945335
91.6 2.82642 2.26717 0.0978577
91.7 2.80303 2.32881 0.101281
91.8 2.77023 2.38223 0.104793
91.9 2.72848 2.42735 0.108383
92 2.67826 2.46413 0.112039
92.1 2.6201 2.4926 0.115751
92.2 2.55456 2.51281 0.119507
92.3 2.48221 2.52489 0.123296
92.4 2.40368 2.529 0.127107
92.5 2.31957 2.52532 0.13093
92.6 2.23054 2.51412 0.134754
92.7 2.13722 2.49566 0.138569
92.8 2.04028 2.47025 0.142366
92.9 1.94038 2.43826 0.146134
93 1.83816 2.40004 0.149866
93.1 1.73428 2.35599 0.153553
93.2 1.62937 2.30655 0.157188
93.3 1.52407 2.25214 0.160762
93.4 1.41898 2.19324 0.16427
93.5 1.31468 2.1303 0.167705
93.6 1.21176 2.06382 0.171062
93.7 1.11075 1.99427 0.174336
93.8 1.01217 1.92215 0.177523
93.9 0.878803 1.84636 0.18062
94 0.740877 1.76494 0.183618
94.1 0.60454 1.67849 0.186511
94.2 0.470538 1.58767 0.189292
94.3 0.339579 1.49314 0.191955
94.4 0.212335 1.39557 0.194494
94.5 0.0894324 1.29561 0.196907
94.6 -0.0495998 1.19367 0.199189
94.7 -0.250253 1.08471 0.201335
94.8 -0.449795 0.967262 0.203333
94.9 -0.647067 0.842286 0.205171
95 -0.840961 0.710752 0.206841
95.1 -1.03725 0.573585 0.208332
95.2 -1.26512 0.429134 0.209635
95.3 -1.48906 0.27704 0.210741
95.4 -1.70786 0.118443 0.211638
95.5 -1.92034 -0.0455106 0.212318
95.6 -2.12542 -0.213679 0.212773
95.7 -2.32208 -0.384928 0.212998
95.8 -2.50939 -0.55814 0.21299
95.9 -2.68649 -0.732218 0.212744
96 -2.85263 -0.906095 0.21226
96.1 -3.00713 -1.07874 0.211539
96.2 -3.1494 -1.24914 0.210582
96.3 -3.27894 -1.41636 0.209392
96.4 -3.39535 -1.57949 0.207973
96.5 -3.49831 -1.73766 0.206331
96.6 -3.58759 -1.89009 0.204472
96.7 -3.66305 -2.03603 0.202404
96.8 -3.72464 -2.1748 0.200136
96.9 -3.77239 -2.30578 0.197678
97 -3.80641 -2.42841 0.195039
97.1 -3.82689 -2.54222 0.192231
97.2 -3.8341 -2.64677 0.189266
97.3 -3.82836 -2.74172 0.186157
97.4 -3.81008 -2.82678 0.182915
97.5 -3.77973 -2.90174 0.179555
97.6 -3.73782 -2.96643 0.176089
97.7 -3.68493 -3.02078 0.172532
97.8 -3.62168 -3.06476 0.168898
97.9 -3.54873 -3.09841 0.165199
98 -3.4668 -3.12183 0.161451
98.1 -3.3766 -3.13517 0.157667
98.2 -3.27891 -3.13866 0.15386
98.3 -3.17451 -3.13255 0.150044
98.4 -3.06419 -3.11715 0.14623
98.5 -2.94877 -3.09284 0.142433
98.6 -2.82907 -3.06 0.138663
98.7 -2.70589 -3.01907 0.134933
98.8 -2.58006 -2.97054 0.131252
98.9 -2.45237 -2.9149 0.127631
99 -2.32362 -2.85269 0.12408
99.1 -2.19459 -2.78446 0.120608
99.2 -2.06602 -2.71079 0.117222
99.3 -1.93865 -2.63226 0.113929
99.4 -1.81316 -2.54948 0.110737
99.5 -1.69023 -2.46305 0.10765
99.6 -1.57049 -2.37359 0.104675
99.7 -1.45453 -2.2817 0.101814
99.8 -1.3429 -2.18799 0.0990707
99.9 -1.23612 -2.09307 0.0964482
100 -1.13465 -1.99751 0.0939478
100.1 -1.0389 -1.90189 0.0915703
100.2 -0.924776 -1.8061 0.0893159
100.3 -0.796681 -1.7076 0.087187
100.4 -0.672993 -1.6067 0.0851878
100.5 -0.554305 -1.50404 0.0833214
100.6 -0.441159 -1.4003 0.0815902
100.7 -0.334052 -1.29611 0.0799955
100.8 -0.233426 -1.1921 0.0785381
100.9 -0.139674 -1.08887 0.0772176
101 -0.0531369 -0.987005 0.0760329
101.1 0.0546701 -0.886589 0.0749824
101.2 0.214575 -0.782169 0.0740678
101.3 0.371337 -0.672695 0.0732962
101.4 0.52411 -0.558973 0.0726745
101.5 0.672092 -0.441813 0.0722084
101.6 0.814537 -0.322018 0.0719024
101.7 0.950753 -0.200385 0.0717601
101.8 1.10707 -0.0768723 0.0717842
101.9 1.27402 0.0507514 0.0719794
102 1.43529 0.181877 0.0723516
102.1 1.59008 0.315608 0.0729055
102.2 1.73765 0.451061 0.0736445
102.3 1.8773 0.587368 0.0745711
102.4 2.00842 0.723683 0.0756862
102.5 2.13047 0.859184 0.0769899
102.6 2.24296 0.99308 0.0784812
102.7 2.34549 1.12461 0.0801578
102.8 2.43773 1.25305 0.0820167
102.9 2.51941 1.37773 0.0840536
103 2.59034 1.498 0.0862636
103.1 2.65039 1.61326 0.0886406
103.2 2.69951 1.72298 0.0911781
103.3 2.73771 1.82665 0.0938686
103.4 2.76507 1.92382 0.0967041
103.5 2.78171 2.01411 0.0996757
103.6 2.78784 2.09717 0.102774
103.7 2.78371 2.17271 0.10599
103.8 2.76963 2.2405 0.109313
103.9 2.74595 2.30035 0.112733
104 2.71308 2.35213 0.11624
104.1 2.67145 2.39577 0.119822
104.2 2.62156 2.43123 0.123468
104.3 2.56391 2.45854 0.127168
104.4 2.49906 2.47777 0.13091
104.5 2.42759 2.48903 0.134685
104.6 2.35008 2.49248 0.138481
104.7 2.26715 2.48832 0.142287
104.8 2.17942 2.47679 0.146094
104.9 2.08755 2.45816 0.149892
105 1.99216 2.43275 0.153671
105.1 1.89391 2.4009 0.157423
105.2 1.79343 2.36297 0.161138
105.3 1.69136 2.31935 0.164808
105.4 1.58833 2.27047 0.168426
105.5 1.48495 2.21676 0.171985
105.6 1.38182 2.15866 0.175479
105.7 1.2795 2.09664 0.1789
105.8 1.17857 2.03117 0.182246
105.9 1.07955 1.96273 0.185509
106 0.975392 1.89173 0.188688
106.1 0.837778 1.81597 0.191776
106.2 0.701048 1.73466 0.194766
106.3 0.565969 1.64842 0.197651
106.4 0.433279 1.55792 0.200424
106.5 0.303676 1.4638 0.20308
106.6 0.177822 1.36673 0.205613
106.7 0.056334 1.26736 0.20802
106.8 -0.104838 1.1652 0.210296
106.9 -0.305448 1.05475 0.212436
107 -0.504754 0.935968 0.214425
107.1 -0.701604 0.809813 0.216253
107.2 -0.894897 0.677261 0.21791
107.3 -1.10272 0.538871 0.219388
107.4 -1.33039 0.392553 0.220676
107.5 -1.5539 0.238798 0.221763
107.6 -1.77201 0.0787492 0.22264
107.7 -1.98358 -0.0864443 0.223298
107.8 -2.18753 -0.255639 0.223729
107.9 -2.38286 -0.427702 0.223929
108 -2.56865 -0.601517 0.223894
108.1 -2.74406 -0.77599 0.223622
108.2 -2.90835 -0.950058 0.223111
108.3 -3.06085 -1.12269 0.222362
108.4 -3.201 -1.2929 0.221377
108.5 -3.32831 -1.45973 0.220159
108.6 -3.44239 -1.62229 0.218714
108.7 -3.54294 -1.77973 0.217046
108.8 -3.62976 -1.93127 0.215162
108.9 -3.70271 -2.07616 0.213071
109 -3.76177 -2.21375 0.210781
109.1 -3.80697 -2.34342 0.208302
109.2 -3.83845 -2.46463 0.205644
109.3 -3.85641 -2.57691 0.20282
109.4 -3.86113 -2.67984 0.19984
109.5 -3.85296 -2.7731 0.196718
109.6 -3.8323 -2.85639 0.193466
109.7 -3.79965 -2.92953 0.190098
109.8 -3.75552 -2.99236 0.186627
109.9 -3.70051 -3.04482 0.183067
110 -3.63525 -3.08689 0.179433
110.1 -3.56041 -3.11863 0.175737
110.2 -3.4767 -3.14015 0.171994
110.3 -3.38486 -3.15161 0.168217
110.4 -3.28566 -3.15324 0.164421
110.5 -3.17989 -3.14531 0.160617
110.6 -3.06835 -3.12815 0.156819
110.7 -2.95186 -3.10212 0.153039
110.8 -2.83123 -3.06763 0.14929
110.9 -2.70728 -3.02513 0.145581
111 -2.58083 -2.97511 0.141925
111.1 -2.45268 -2.91807 0.138331
111.2 -2.32361 -2.85455 0.134808
111.3 -2.19441 -2.78511 0.131366
111.4 -2.06582 -2.71033 0.128012
111.5 -1.93856 -2.6308 0.124753
111.6 -1.81332 -2.54713 0.121595
111.7 -1.69077 -2.45993 0.118545
111.8 -1.57154 -2.3698 0.115606
111.9 -1.4562 -2.27736 0.112783
112 -1.3453 -2.18321 0.110079
112.1 -1.23936 -2.08796 0.107496
112.2 -1.13881 -1.99218 0.105036
112.3 -1.04409 -1.89646 0.102698
112.4 -0.933675 -1.8008 0.100485
112.5 -0.806897 -1.70266 0.0983959
112.6 -0.684567 -1.60219 0.0964365
112.7 -0.567267 -1.50007 0.0946093
112.8 -0.455532 -1.39693 0.0929167
112.9 -0.349848 -1.29341 0.0913599
113 -0.25065 -1.19015 0.0899394
113.1 -0.158323 -1.08772 0.0886549
113.2 -0.0731967 -0.986723 0.0875053
113.3 0.00964405 -0.88768 0.0864886
113.4 0.166737 -0.786483 0.0856045
113.5 0.320921 -0.680178 0.0848592
113.6 0.471355 -0.569555 0.0842595
113.7 0.617246 -0.455408 0.0838114
113.8 0.757852 -0.338524 0.0835194
113.9 0.892484 -0.219688 0.0833872
114 1.02734 -0.0996123 0.0834175
114.1 1.19203 0.0235827 0.0836133
114.2 1.35147 0.150506 0.0839802
114.3 1.50484 0.280279 0.0845232
114.4 1.65141 0.412036 0.0852462
114.5 1.79047 0.544922 0.0861516
114.6 1.9214 0.678101 0.0872412
114.7 2.04365 0.810764 0.0885152
114.8 2.15672 0.942125 0.089973
114.9 2.26019 1.07143 0.0916128
115 2.35371 1.19796 0.093432
115.1 2.43699 1.32105 0.0954266
115.2 2.50984 1.44003 0.0975923
115.3 2.57209 1.55433 0.0999234
115.4 2.62368 1.66339 0.102414
115.5 2.66458 1.76671 0.105056
115.6 2.69486 1.86384 0.107843
115.7 2.71463 1.95436 0.110766
115.8 2.72405 2.03793 0.113817
115.9 2.72336 2.11426 0.116985
116 2.71283 2.18308 0.120262
116.1 2.6928 2.2442 0.123637
116.2 2.66365 2.29749 0.127101
116.3 2.62579 2.34283 0.130641
116.4 2.57968 2.3802 0.134249
116.5 2.52582 2.40959 0.137913
116.6 2.46474 2.43105 0.141622
116.7 2.39698 2.44469 0.145367
116.8 2.32312 2.45064 0.149135
116.9 2.24375 2.44908 0.152918
117 2.15949 2.44024 0.156705
117.1 2.07095 2.42436 0.160487
117.2 1.97876 2.40175 0.164253
117.3 1.88355 2.37273 0.167996
117.4 1.78595 2.33764 0.171706
117.5 1.68658 2.29686 0.175375
117.6 1.58605 2.25079 0.178996
117.7 1.48498 2.19985 0.182561
117.8 1.38394 2.14448 0.186065
117.9 1.28351 2.08511 0.189501
118 1.18424 2.02221 0.192864
118.1 1.08666 1.95624 0.196148
118.2 0.987393 1.88766 0.199351
118.3 0.850998 1.81451 0.202467
118.4 0.715231 1.73566 0.205489
118.5 0.580861 1.65174 0.208409
118.6 0.448629 1.56338 0.21122
118.7 0.319238 1.47125 0.213917
118.8 0.193355 1.37598 0.216493
118.9 0.0716044 1.27824 0.218946
119 -0.0787935 1.17802 0.221271
119.1 -0.279451 1.06987 0.223462
119.2 -0.479101 0.953159 0.225506
119.3 -0.676584 0.828839 0.227392
119.4 -0.870785 0.697878 0.22911
119.5 -1.07431 0.561039 0.23065
119.6 -1.30309 0.416338 0.232003
119.7 -1.52796 0.263935 0.233157
119.8 -1.74771 0.104973 0.234103
119.9 -1.96116 -0.0593984 0.234831
120 -2.16721 -0.228032 0.235334
120.1 -2.36485 -0.399791 0.235606
120.2 -2.55314 -0.573553 0.235644
120.3 -2.73121 -0.748217 0.235444
120.4 -2.89831 -0.922711 0.235006
120.5 -3.05375 -1.096 0.234329
120.6 -3.19693 -1.26707 0.233416
120.7 -3.32736 -1.43497 0.232269
120.8 -3.44463 -1.5988 0.230892
120.9 -3.54841 -1.75768 0.229291
121 -3.63848 -1.91083 0.227473
121.1 -3.71469 -2.05748 0.225445
121.2 -3.77698 -2.19696 0.223216
121.3 -3.82539 -2.32865 0.220795
121.4 -3.86002 -2.45198 0.218194
121.5 -3.88106 -2.56646 0.215422
121.6 -3.88877 -2.67168 0.212493
121.7 -3.88348 -2.76727 0.209418
121.8 -3.86561 -2.85295 0.20621
121.9 -3.8356 -2.9285 0.202883
122 -3.79399 -2.99376 0.19945
122.1 -3.74134 -3.04864 0.195925
122.2 -3.67828 -3.09311 0.192322
122.3 -3.60547 -3.12723 0.188654
122.4 -3.52363 -3.15108 0.184936
122.5 -3.43347 -3.16481 0.181182
122.6 -3.33577 -3.16865 0.177404
122.7 -3.23132 -3.16285 0.173616
122.8 -3.1209 -3.14773 0.169832
122.9 -3.00534 -3.12365 0.166063
123 -2.88546 -3.091 0.162321
123.1 -2.76207 -3.05023 0.158619
123.2 -2.63599 -3.00181 0.154966
123.3 -2.50803 -2.94624 0.151373
123.4 -2.37898 -2.88407 0.14785
123.5 -2.24962 -2.81585 0.144405
123.6 -2.1207 -2.74214 0.141047
123.7 -1.99296 -2.66355 0.137783
123.8 -1.8671 -2.58067 0.134619
123.9 -1.74378 -2.49411 0.131561
124 -1.62364 -2.40449 0.128614
124.1 -1.50727 -2.31242 0.125783
124.2 -1.39523 -2.21851 0.123069
124.3 -1.28804 -2.12335 0.120477
124.4 -1.18616 -2.02755 0.118007
124.5 -1.09002 -1.93166 0.11566
124.6 -0.999928 -1.83627 0.113437
124.7 -0.872928 -1.73981 0.111337
124.8 -0.750145 -1.64084 0.109364
124.9 -0.632172 -1.54002 0.107522
125 -0.519553 -1.43799 0.105813
125.1 -0.412788 -1.33538 0.104238
125.2 -0.312323 -1.23282 0.102798
125.3 -0.218557 -1.13092 0.101493
125.4 -0.131834 -1.03024 0.100322
125.5 -0.0524476 -0.931352 0.0992844
125.6 0.0432669 -0.834443 0.0983766
125.7 0.195617 -0.734204 0.0975997
125.8 0.344878 -0.629216 0.0969605
125.9 0.490242 -0.520251 0.0964652
126 0.63095 -0.408081 0.0961192
126.1 0.766295 -0.293475 0.0959268
126.2 0.89562 -0.177193 0.0958913
126.3 1.02473 -0.0599327 0.0960148
126.4 1.18409 0.0601833 0.0963001
126.5 1.33826 0.183824 0.0967524
126.6 1.48644 0.310138 0.0973764
126.7 1.62793 0.438282 0.0981758
126.8 1.76205 0.567429 0.099153
126.9 1.8882 0.69677 0.100309
127 2.00585 0.825519 0.101645
127.1 2.11453 0.952917 0.103159
127.2 2.21384 1.07824 0.10485
127.3 2.30344 1.20078 0.106715
127.4 2.38307 1.3199 0.108751
127.5 2.45253 1.43497 0.110952
127.6 2.51168 1.54542 0.113313
127.7 2.56046 1.65071 0.115828
127.8 2.59887 1.75038 0.118491
127.9 2.62695 1.84397 0.121293
128 2.64483 1.93111 0.124227
128.1 2.65268 2.01146 0.127283
128.2 2.65073 2.08473 0.130454
128.3 2.63926 2.15068 0.133729
128.4 2.61859 2.20913 0.137098
128.5 2.58909 2.25995 0.140552
128.6 2.55118 2.30305 0.14408
128.7 2.50532 2.33839 0.147672
128.8 2.45197 2.36598 0.151317
128.9 2.39166 2.38588 0.155006
129 2.32493 2.39818 0.158728
129.1 2.25233 2.40303 0.162472
129.2 2.17445 2.4006 0.166229
129.3 2.09188 2.39112 0.169989
129.4 2.00522 2.37484 0.173743
129.5 1.91509 2.35205 0.177481
129.6 1.82208 2.32306 0.181196
129.7 1.72683 2.28821 0.184877
129.8 1.62992 2.24788 0.188518
129.9 1.53196 2.20245 0.192112
130 1.43353 2.15234 0.195651
130.1 1.3352 2.09797 0.19913
130.2 1.23752 2.03976 0.202542
130.3 1.14103 1.97818 0.205882
130.4 1.04624 1.91366 0.209147
130.5 0.932187 1.84615 0.212331
130.6 0.797495 1.77301 0.21543
130.7 0.663537 1.69434 0.218434
130.8 0.531071 1.61075 0.221336
130.9 0.40082 1.52288 0.22413
131 0.273475 1.43138 0.22681
131.1 0.149687 1.33688 0.229371
131.2 0.0300693 1.24003 0.231809
131.3 -0.148697 1.13917 0.234121
131.4 -0.348931 1.0293 0.236296
131.5 -0.547912 0.911093 0.238322
131.6 -0.74449 0.785488 0.240188
131.7 -0.937564 0.65346 0.241883
131.8 -1.15495 0.515046 0.2434
131.9 -1.38307 0.368289 0.244727
132 -1.60699 0.2141 0.245852
132.1 -1.82549 0.0536244 0.246766
132.2 -2.03742 -0.111987 0.247461
132.3 -2.2417 -0.28159 0.24793
132.4 -2.43732 -0.454047 0.248166
132.5 -2.62338 -0.628243 0.248167
132.6 -2.79902 -0.80308 0.24793
132.7 -2.96351 -0.977495 0.247454
132.8 -3.11618 -1.15045 0.24674
132.9 -3.25646 -1.32097 0.24579
133 -3.38388 -1.48809 0.244606
133.1 -3.49804 -1.65091 0.243195
133.2 -3.59864 -1.8086 0.24156
133.3 -3.68548 -1.96036 0.23971
133.4 -3.75843 -2.10545 0.237652
133.5 -3.81746 -2.24321 0.235395
133.6 -3.86261 -2.37303 0.232949
133.7 -3.89401 -2.49437 0.230324
133.8 -3.91188 -2.60675 0.227532
133.9 -3.91648 -2.70976 0.224585
134 -3.90817 -2.80307 0.221496
134.1 -3.88737 -2.8864 0.218277
134.2 -3.85455 -2.95955 0.214942
134.3 -3.81025 -3.02238 0.211504
134.4 -3.75506 -3.07481 0.207978
134.5 -3.6896 -3.11684 0.204376
134.6 -3.61456 -3.14852 0.200714
134.7 -3.53064 -3.16995 0.197004
134.8 -3.4386 -3.18132 0.193262
134.9 -3.33919 -3.18284 0.189499
135 -3.23322 -3.17479 0.18573
135.1 -3.12147 -3.15749 0.181966
135.2 -3.00478 -3.13132 0.178222
135.3 -2.88396 -3.09669 0.174507
135.4 -2.75982 -3.05403 0.170834
135.5 -2.63319 -3.00384 0.167214
135.6 -2.50487 -2.94663 0.163656
135.7 -2.37565 -2.88294 0.16017
135.8 -2.2463 -2.81333 0.156764
135.9 -2.11757 -2.73838 0.153447
136 -1.99019 -2.65868 0.150226
136.1 -1.86485 -2.57484 0.147106
136.2 -1.74221 -2.48747 0.144094
136.3 -1.6229 -2.39717 0.141194
136.4 -1.50751 -2.30458 0.13841
136.5 -1.39657 -2.21028 0.135745
136.6 -1.2906 -2.11488 0.133202
136.7 -1.19006 -2.01898 0.130781
136.8 -1.09534 -1.92313 0.128484
136.9 -1.00683 -1.8279 0.12631
137 -0.88507 -1.73208 0.12426
137.1 -0.764137 -1.63386 0.122336
137.2 -0.648036 -1.53388 0.120541
137.3 -0.537302 -1.43279 0.118878
137.4 -0.432419 -1.33121 0.117348
137.5 -0.333827 -1.22976 0.115952
137.6 -0.241911 -1.12903 0.11469
137.7 -0.157007 -1.02959 0.11356
137.8 -0.0793984 -0.93198 0.112562
137.9 -0.00931815 -0.836727 0.111692
138 0.127257 -0.74125 0.110948
138.1 0.272965 -0.641 0.110336
138.2 0.415156 -0.536639 0.109861
138.3 0.553078 -0.428918 0.10953
138.4 0.686027 -0.318582 0.109346
138.5 0.81335 -0.206372 0.109313
138.6 0.934447 -0.0930159 0.109434
138.7 1.06718 0.0211622 0.109711
138.8 1.21878 0.138537 0.110145
138.9 1.36505 0.258966 0.110743
139 1.50524 0.38163 0.111509
139.1 1.63868 0.505722 0.112445
139.2 1.76476 0.63045 0.113554
139.3 1.88293 0.755042 0.114835
139.4 1.99269 0.878749 0.11629
139.5 2.09362 1.00085 0.117917
139.6 2.18536 1.12066 0.119714
139.7 2.26761 1.23752 0.121677
139.8 2.34016 1.35082 0.123803
139.9 2.40282 1.45996 0.126087
140 2.4555 1.56443 0.128523
140.1 2.49816 1.66373 0.131105
140.2 2.53082 1.7574 0.133827
140.3 2.55356 1.84505 0.13668
140.4 2.56651 1.92633 0.139657
140.5 2.56987 2.00092 0.14275
140.6 2.56388 2.06859 0.145948
140.7 2.54882 2.12911 0.149243
140.8 2.52503 2.18233 0.152625
140.9 2.49289 2.22815 0.156085
141 2.4528 2.26649 0.159613
141.1 2.40523 2.29733 0.163198
141.2 2.35064 2.32072 0.166831
141.3 2.28955 2.33672 0.170502
141.4 2.22248 2.34543 0.1742
141.5 2.14999 2.34702 0.177916
141.6 2.07264 2.34168 0.181641
141.7 1.99101 2.32962 0.185365
141.8 1.90568 2.31112 0.189079
141.9 1.81724 2.28645 0.192775
142 1.72628 2.25594 0.196444
142.1 1.63339 2.21993 0.200079
142.2 1.53916 2.17878 0.203671
142.3 1.44414 2.13287 0.207216
142.4 1.34891 2.08261 0.210705
142.5 1.254 2.02841 0.214133
142.6 1.15995 1.9707 0.217495
142.7 1.06725 1.90991 0.220787
142.8 0.965284 1.84633 0.224003
142.9 0.832609 1.77754 0.227139
143 0.700241 1.70297 0.230187
143.1 0.568938 1.62323 0.233139
143.2 0.439433 1.53895 0.235987
143.3 0.312423 1.45074 0.238727
143.4 0.188569 1.35924 0.241352
143.5 0.0684961 1.26508 0.243858
143.6 -0.082304 1.16819 0.246242
143.7 -0.282089 1.06307 0.248496
143.8 -0.481199 0.949171 0.250607
143.9 -0.678467 0.827436 0.252564
144 -0.872772 0.698826 0.254356
144.1 -1.07714 0.564083 0.255974
144.2 -1.30665 0.421204 0.257408
144.3 -1.53254 0.270373 0.258645
144.4 -1.75357 0.112733 0.259676
144.5 -1.96855 -0.0505682 0.260492
144.6 -2.17637 -0.218383 0.261084
144.7 -2.37599 -0.389571 0.261446
144.8 -2.56647 -0.563006 0.261575
144.9 -2.74691 -0.737583 0.261467
145 -2.91654 -0.912223 0.261121
145.1 -3.07465 -1.08588 0.260536
145.2 -3.22064 -1.25754 0.259714
145.3 -3.35397 -1.42624 0.258657
145.4 -3.47423 -1.59106 0.25737
145.5 -3.58106 -1.75112 0.255858
145.6 -3.67423 -1.90561 0.254127
145.7 -3.75356 -2.05377 0.252184
145.8 -3.81898 -2.19491 0.250039
145.9 -3.87051 -2.32838 0.247699
146 -3.90823 -2.45361 0.245177
146.1 -3.93231 -2.57011 0.242482
146.2 -3.943 -2.67742 0.239627
146.3 -3.94063 -2.77519 0.236623
146.4 -3.92556 -2.8631 0.233484
146.5 -3.89827 -2.94092 0.230223
146.6 -3.85924 -3.00848 0.226852
146.7 -3.80906 -3.06568 0.223387
146.8 -3.74832 -3.11247 0.219841
146.9 -3.67769 -3.1489 0.216227
147 -3.59786 -3.17503 0.21256
147.1 -3.50956 -3.19101 0.208854
147.2 -3.41355 -3.19704 0.205121
147.3 -3.31061 -3.19338 0.201376
147.4 -3.20154 -3.18032 0.197631
147.5 -3.08714 -3.15822 0.193899
147.6 -2.96824 -3.12746 0.190192
147.7 -2.84565 -3.08849 0.186521
147.8 -2.72019 -3.04175 0.182898
147.9 -2.59268 -2.98776 0.179333
148 -2.4639 -2.92705 0.175835
148.1 -2.33465 -2.86016 0.172414
148.2 -2.20567 -2.78766 0.169078
148.3 -2.07772 -2.71014 0.165834
148.4 -1.95148 -2.62821 0.16269
148.5 -1.82765 -2.54246 0.15965
148.6 -1.70686 -2.45352 0.15672
148.7 -1.58972 -2.36199 0.153905
148.8 -1.47679 -2.26849 0.151208
148.9 -1.36859 -2.17361 0.14863
149 -1.26561 -2.07795 0.146176
149.1 -1.16828 -1.9821 0.143844
149.2 -1.07698 -1.88661 0.141636
149.3 -0.987906 -1.792 0.139551
149.4 -0.865972 -1.69637 0.137588
149.5 -0.748475 -1.59862 0.135752
149.6 -0.63597 -1.4994 0.134045
149.7 -0.528965 -1.39933 0.132469
149.8 -0.42792 -1.29903 0.131024
149.9 -0.333247 -1.1991 0.129711
150 -0.245307 -1.10011 0.128531
150.1 -0.164411 -1.00261 0.12748
150.2 -0.090818 -0.907145 0.126559
150.3 -0.0247365 -0.8142 0.125762
150.4 0.084401 -0.722789 0.125089
150.5 0.224916 -0.627278 0.124541
150.6 0.362189 -0.527682 0.124124
150.7 0.495488 -0.42472 0.123843
150.8 0.624128 -0.31911 0.123705
150.9 0.74747 -0.211567 0.123711
151 0.864929 -0.102793 0.123864
151.1 0.97597 0.00652305 0.124167
151.2 1.11367 0.116972 0.12462
151.3 1.25589 0.230628 0.125227
151.4 1.39264 0.346808 0.125993
151.5 1.52325 0.464735 0.126921
151.6 1.64711 0.583643 0.128012
151.7 1.76365 0.702784 0.12927
151.8 1.87239 0.821432 0.130693
151.9 1.97287 0.938884 0.132281
152 2.06474 1.05447 0.134033
152.1 2.14767 1.16754 0.135946
152.2 2.22141 1.27748 0.138017
152.3 2.28578 1.38374 0.140241
152.4 2.34065 1.48577 0.142614
152.5 2.38594 1.58308 0.145129
152.6 2.42166 1.67523 0.147782
152.7 2.44786 1.7618 0.150564
152.8 2.46462 1.84244 0.153468
152.9 2.47212 1.91683 0.156487
153 2.47056 1.98471 0.159611
153.1 2.46018 2.04586 0.162833
153.2 2.4413 2.10009 0.166143
153.3 2.41424 2.14729 0.169532
153.4 2.3794 2.18737 0.172991
153.5 2.33717 2.22029 0.17651
153.6 2.28801 2.24606 0.180079
153.7 2.23239 2.26472 0.183689
153.8 2.1708 2.27637 0.18733
153.9 2.10377 2.28112 0.190993
154 2.03181 2.27915 0.194669
154.1 1.95549 2.27066 0.198349
154.2 1.87535 2.25587 0.202024
154.3 1.79196 2.23505 0.205686
154.4 1.70589 2.20849 0.209326
154.5 1.61769 2.17651 0.212937
154.6 1.52792 2.13943 0.216512
154.7 1.43714 2.09763 0.220043
154.8 1.34589 2.05147 0.223525
154.9 1.25469 2.00135 0.226952
155 1.16406 1.94767 0.230318
155.1 1.07449 1.89083 0.233619
155.2 0.979756 1.83121 0.236851
155.3 0.849857 1.7666 0.240007
155.4 0.719908 1.69606 0.243081
155.5 0.590665 1.62018 0.246064
155.6 0.462855 1.53957 0.24895
155.7 0.337179 1.45483 0.251731
155.8 0.214299 1.36659 0.254403
155.9 0.0948449 1.27546 0.25696
156 -0.0359627 1.18193 0.259399
156.1 -0.234629 1.08122 0.261714
156.2 -0.433115 0.971404 0.263892
156.3 -0.630242 0.853407 0.265921
156.4 -0.824875 0.728178 0.26779
156.5 -1.01937 0.596664 0.26949
156.6 -1.24944 0.457449 0.271011
156.7 -1.47641 0.309864 0.272341
156.8 -1.69899 0.155044 0.273469
156.9 -1.91599 -0.00586676 0.274384
157 -2.12626 -0.171722 0.27508
157.1 -2.32875 -0.34138 0.275549
157.2 -2.52246 -0.513712 0.275786
157.3 -2.70649 -0.687606 0.275788
157.4 -2.88003 -0.861974 0.275553
157.5 -3.04233 -1.03576 0.275079
157.6 -3.19276 -1.20794 0.274368
157.7 -3.33076 -1.37753 0.273422
157.8 -3.45586 -1.5436 0.272245
157.9 -3.56769 -1.70525 0.270841
158 -3.66597 -1.86165 0.269215
158.1 -3.7505 -2.01202 0.267376
158.2 -3.82117 -2.15564 0.265331
158.3 -3.87796 -2.29185 0.263089
158.4 -3.92093 -2.42006 0.26066
158.5 -3.95022 -2.53973 0.258054
158.6 -3.96605 -2.6504 0.255285
158.7 -3.96871 -2.75168 0.252362
158.8 -3.95855 -2.84324 0.249299
158.9 -3.936 -2.92481 0.246109
159 -3.90156 -2.9962 0.242806
159.1 -3.85575 -3.05729 0.239402
159.2 -3.79917 -3.108 0.235912
159.3 -3.73247 -3.14835 0.23235
159.4 -3.65631 -3.17839 0.228729
159.5 -3.57142 -3.19824 0.225063
159.6 -3.47854 -3.20808 0.221366
159.7 -3.37845 -3.20814 0.217652
159.8 -3.27192 -3.19871 0.213933
159.9 -3.15977 -3.18012 0.210222
160 -3.04281 -3.15273 0.206531
160.1 -2.92186 -3.11697 0.202872
160.2 -2.79774 -3.07329 0.199257
160.3 -2.67125 -3.02218 0.195695
160.4 -2.54319 -2.96414 0.192198
160.5 -2.41436 -2.89973 0.188773
160.6 -2.28552 -2.82951 0.18543
160.7 -2.15742 -2.75404 0.182177
160.8 -2.03076 -2.67394 0.17902
160.9 -1.90625 -2.58981 0.175965
161 -1.78452 -2.50224 0.173018
161.1 -1.66621 -2.41186 0.170184
161.2 -1.55189 -2.31928 0.167467
161.3 -1.4421 -2.22509 0.164868
161.4 -1.33733 -2.1299 0.162391
161.5 -1.23803 -2.03429 0.160037
161.6 -1.14461 -1.93883 0.157805
161.7 -1.05743 -1.84407 0.155697
161.8 -0.964123 -1.75035 0.153711
161.9 -0.846093 -1.65525 0.151848
162 -0.73268 -1.55836 0.150109
162.1 -0.624411 -1.4603 0.148499
162.2 -0.521765 -1.36168 0.147018
162.3 -0.425173 -1.26311 0.145667
162.4 -0.335018 -1.16515 0.144445
162.5 -0.251631 -1.06837 0.143353
162.6 -0.175297 -0.973307 0.142389
162.7 -0.106247 -0.880459 0.141549
162.8 -0.0446637 -0.79031 0.140832
162.9 0.0246887 -0.703169 0.140234
163 0.15878 -0.614078 0.139753
163.1 0.290038 -0.520875 0.139395
163.2 0.417757 -0.424244 0.139165
163.3 0.54127 -0.324869 0.139068
163.4 0.659956 -0.223428 0.139108
163.5 0.773242 -0.120592 0.139287
163.6 0.880603 -0.0170209 0.139608
163.7 0.981566 0.0866424 0.14007
163.8 1.11059 0.191134 0.140676
163.9 1.24302 0.2985 0.141428
164 1.37015 0.408078 0.142329
164.1 1.49138 0.519139 0.143384
164.2 1.60613 0.630966 0.144594
164.3 1.71389 0.74286 0.145961
164.4 1.81421 0.854142 0.147483
164.5 1.90669 0.964157 0.149161
164.6 1.99098 1.07228 0.150992
164.7 2.0668 1.1779 0.152975
164.8 2.13394 1.28047 0.155105
164.9 2.19223 1.37945 0.157379
165 2.24156 1.47434 0.159792
165.1 2.28188 1.5647 0.162339
165.2 2.31319 1.65011 0.165013
165.3 2.33555 1.7302 0.167807
165.4 2.34908 1.80464 0.170716
165.5 2.35392 1.87315 0.17373
165.6 2.35028 1.93547 0.176843
165.7 2.33841 1.99142 0.180045
165.8 2.3186 2.04083 0.183329
165.9 2.29118 2.08361 0.186685
166 2.25651 2.11967 0.190105
166.1 2.21499 2.14899 0.19358
166.2 2.16704 2.1716 0.1971
166.3 2.11311 2.18753 0.200658
166.4 2.05367 2.19688 0.204243
166.5 1.98921 2.19978 0.207847
166.6 1.92024 2.1964 0.211461
166.7 1.84727 2.18691 0.215077
166.8 1.77083 2.17156 0.218688
166.9 1.69145 2.1506 0.222284
167 1.60966 2.12429 0.225858
167.1 1.52598 2.09294 0.229404
167.2 1.44094 2.05689 0.232915
167.3 1.35506 2.01645 0.236383
167.4 1.26885 1.97201 0.239804
167.5 1.1828 1.92391 0.243173
167.6 1.09738 1.87255 0.246483
167.7 1.01306 1.8183 0.249732
167.8 0.893908 1.7601 0.252913
167.9 0.767522 1.69578 0.256021
168 0.641274 1.62584 0.259046
168.1 0.51589 1.55087 0.261982
168.2 0.392071 1.47144 0.264821
168.3 0.270489 1.38816 0.267558
168.4 0.15178 1.30162 0.270187
168.5 0.036546 1.21243 0.272704
168.6 -0.132967 1.11926 0.275104
168.7 -0.329912 1.01686 0.277379
168.8 -0.52635 0.905689 0.279515
168.9 -0.721123 0.786669 0.281501
169 -0.913122 0.660748 0.283325
169.1 -1.12447 0.528268 0.284979
169.2 -1.3526 0.387123 0.286451
169.3 -1.57725 0.23799 0.28773
169.4 -1.79718 0.0820004 0.288805
169.5 -2.0112 -0.0797048 0.289666
169.6 -2.21821 -0.245986 0.290306
169.7 -2.41716 -0.415712 0.290719
169.8 -2.6071 -0.587762 0.2909
169.9 -2.78717 -0.761038 0.290847
170 -2.95655 -0.934466 0.290556
170.1 -3.11457 -1.107 0.290029
170.2 -3.26059 -1.27764 0.289267
170.3 -3.39409 -1.44542 0.288272
170.4 -3.51465 -1.60943 0.287047
170.5 -3.62191 -1.76878 0.285599
170.6 -3.71561 -1.92267 0.283932
170.7 -3.7956 -2.07034 0.282055
170.8 -3.86178 -2.21109 0.279976
170.9 -3.91416 -2.34428 0.277704
171 -3.95283 -2.46934 0.275249
171.1 -3.97794 -2.58577 0.272623
171.2 -3.98974 -2.69312 0.269836
171.3 -3.98854 -2.79101 0.2669
171.4 -3.97471 -2.87915 0.26383
171.5 -3.94869 -2.95729 0.260637
171.6 -3.91099 -3.02526 0.257334
171.7 -3.86216 -3.08294 0.253937
171.8 -3.8028 -3.13031 0.250457
171.9 -3.73357 -3.16737 0.24691
172 -3.65514 -3.1942 0.243308
172.1 -3.56825 -3.21095 0.239667
172.2 -3.47363 -3.2178 0.235998
172.3 -3.37207 -3.21501 0.232316
172.4 -3.26435 -3.20286 0.228633
172.5 -3.15129 -3.1817 0.224961
172.6 -3.03368 -3.15192 0.221314
172.7 -2.91234 -3.11394 0.217702
172.8 -2.78809 -3.06822 0.214136
172.9 -2.66173 -3.01525 0.210627
173 -2.53405 -2.95557 0.207185
173.1 -2.40583 -2.8897 0.203817
173.2 -2.27782 -2.81822 0.200534
173.3 -2.15077 -2.74171 0.197341
173.4 -2.02537 -2.66076 0.194247
173.5 -1.90229 -2.57598 0.191256
173.6 -1.78218 -2.48798 0.188374
173.7 -1.66565 -2.39735 0.185605
173.8 -1.55325 -2.30472 0.182953
173.9 -1.44551 -2.21067 0.18042
174 -1.3429 -2.11579 0.178009
174.1 -1.24587 -2.02068 0.17572
174.2 -1.15479 -1.92587 0.173553
174.3 -1.07002 -1.83193 0.171509
174.4 -0.987269 -1.73933 0.169586
174.5 -0.87223 -1.64612 0.167784
174.6 -0.761759 -1.5512 0.166104
174.7 -0.656367 -1.45521 0.164549
174.8 -0.556518 -1.35872 0.163121
174.9 -0.462629 -1.26233 0.161821
175 -0.37507 -1.1666 0.160647
175.1 -0.294162 -1.07208 0.1596
175.2 -0.220177 -0.97927 0.158677
175.3 -0.153336 -0.888682 0.157876
175.4 -0.0938145 -0.800776 0.157195
175.5 -0.0417369 -0.71599 0.156629
175.6 0.00857857 -0.63471 0.156175
175.7 0.132775 -0.552623 0.15583
175.8 0.254402 -0.466675 0.155599
175.9 0.372802 -0.377499 0.155486
176 0.487353 -0.285728 0.155496
176.1 0.597479 -0.191992 0.155633
176.2 0.702642 -0.0969132 0.155899
176.3 0.802354 -0.00110302 0.156296
176.4 0.896171 0.0948407 0.156825
176.5 0.983699 0.190338 0.157485
176.6 1.09948 0.286188 0.158278
176.7 1.21891 0.384503 0.159206
176.8 1.33338 0.484687 0.160271
176.9 1.44234 0.586077 0.161477
177 1.54527 0.688021 0.162826
177.1 1.64173 0.789884 0.164317
177.2 1.73129 0.891051 0.165951
177.3 1.81363 0.990929 0.167727
177.4 1.88843 1.08895 0.169644
177.5 1.95544 1.18458 0.171698
177.6 2.01449 1.2773 0.173886
177.7 2.06543 1.36664 0.176205
177.8 2.10818 1.45216 0.17865
177.9 2.14269 1.53344 0.181217
178 2.16899 1.61013 0.183898
178.1 2.18713 1.68189 0.186689
178.2 2.19723 1.74843 0.189582
178.3 2.19944 1.80949 0.192571
178.4 2.19396 1.86487 0.195648
178.5 2.18102 1.91439 0.198805
178.6 2.1609 1.95792 0.202036
178.7 2.13389 1.99537 0.205331
178.8 2.10034 2.02668 0.208683
178.9 2.06063 2.05184 0.212084
179 2.01513 2.07087 0.215524
179.1 1.96426 2.08382 0.218997
179.2 1.90847 2.09079 0.222493
179.3 1.8482 2.0919 0.226006
179.4 1.78391 2.08731 0.229526
179.5 1.71607 2.07719 0.233047
179.6 1.64518 2.06177 0.236561
179.7 1.5717 2.04127 0.240061
179.8 1.49613 2.01596 0.24354
179.9 1.41895 1.98611 0.246992
180 1.34064 1.95203 0.25041
180.1 1.26166 1.91402 0.25379
180.2 1.18248 1.87242 0.257125
180.3 1.10355 1.82757 0.260411
180.4 1.02528 1.77982 0.263644
180.5 0.919248 1.72857 0.26682
180.6 0.798427 1.67126 0.269931
180.7 0.677202 1.60817 0.272969
180.8 0.556286 1.53984 0.275926
180.9 0.436371 1.46683 0.278796
181 0.318119 1.3897 0.281572
181.1 0.202167 1.30902 0.284249
181.2 0.0891138 1.22537 0.286821
181.3 -0.0364082 1.13918 0.289286
181.4 -0.229824 1.0456 0.291636
181.5 -0.423636 0.942712 0.29386
181.6 -0.616678 0.831404 0.295943
181.7 -0.807821 0.712593 0.297877
181.8 -0.995984 0.58721 0.299649
181.9 -1.22258 0.454209 0.301251
182 -1.4476 0.31247 0.30267
182.1 -1.66888 0.163102 0.303895
182.2 -1.88518 0.00722906 0.304916
182.3 -2.09536 -0.15402 0.305724
182.4 -2.29833 -0.319519 0.306311
182.5 -2.4931 -0.48815 0.306672
182.6 -2.67872 -0.658809 0.306803
182.7 -2.85437 -0.830415 0.306701
182.8 -3.01927 -1.00191 0.306364
182.9 -3.17276 -1.17228 0.305794
183 -3.31425 -1.34053 0.304991
183.1 -3.44324 -1.50572 0.303959
183.2 -3.55931 -1.66695 0.302701
183.3 -3.66216 -1.82338 0.301222
183.4 -3.75155 -1.97421 0.29953
183.5 -3.82734 -2.11871 0.297631
183.6 -3.88946 -2.25619 0.295535
183.7 -3.93794 -2.38606 0.29325
183.8 -3.97288 -2.50775 0.290787
183.9 -3.99446 -2.62077 0.288156
184 -4.00293 -2.72472 0.28537
184.1 -3.99862 -2.81924 0.28244
184.2 -3.98192 -2.90403 0.279379
184.3 -3.95328 -2.97888 0.276201
184.4 -3.91321 -3.04363 0.272918
184.5 -3.86228 -3.09819 0.269543
184.6 -3.80107 -3.14254 0.266092
184.7 -3.73026 -3.1767 0.262576
184.8 -3.65053 -3.20078 0.259011
184.9 -3.56261 -3.21491 0.255408
185 -3.46723 -3.21931 0.251783
185.1 -3.36516 -3.21423 0.248147
185.2 -3.25721 -3.19998 0.244514
185.3 -3.14415 -3.1769 0.240895
185.4 -3.02681 -3.14539 0.237303
185.5 -2.90597 -3.10587 0.233748
185.6 -2.78245 -3.05882 0.230242
185.7 -2.65703 -3.00472 0.226795
185.8 -2.53051 -2.9441 0.223415
185.9 -2.40363 -2.8775 0.220112
186 -2.27715 -2.80549 0.216894
186.1 -2.15179 -2.72865 0.213768
186.2 -2.02823 -2.64756 0.21074
186.3 -1.90713 -2.56283 0.207816
186.4 -1.78912 -2.47506 0.205001
186.5 -1.67479 -2.38485 0.202299
186.6 -1.56468 -2.29279 0.199713
186.7 -1.45931 -2.19948 0.197246
186.8 -1.35912 -2.1055 0.1949
186.9 -1.26455 -2.01141 0.192674
187 -1.17597 -1.91777 0.19057
187.1 -1.09369 -1.82511 0.188587
187.2 -1.01801 -1.73394 0.186723
187.3 -0.916913 -1.64357 0.184977
187.4 -0.809735 -1.55168 0.183349
187.5 -0.70746 -1.45871 0.181843
187.6 -0.610539 -1.36525 0.18046
187.7 -0.519379 -1.27186 0.1792
187.8 -0.434339 -1.17909 0.178063
187.9 -0.355731 -1.08747 0.177048
188 -0.283822 -0.997498 0.176155
188.1 -0.218828 -0.909658 0.175379
188.2 -0.160919 -0.824402 0.17472
188.3 -0.110219 -0.742154 0.174172
188.4 -0.0668021 -0.663307 0.173733
188.5 -0.0307007 -0.588221 0.173398
188.6 -0.0019011 -0.517227 0.17316
188.7 0.0994865 -0.447082 0.173018
188.8 0.205367 -0.373466 0.172973
188.9 0.308591 -0.296904 0.173031
189 0.408611 -0.217944 0.173194
189.1 0.504914 -0.137136 0.173467
189.2 0.597026 -0.0550205 0.173852
189.3 0.684511 0.0278676 0.174351
189.4 0.766973 0.111006 0.174964
189.5 0.844059 0.193887 0.175692
189.6 0.915458 0.276018 0.176535
189.7 0.980901 0.356928 0.177491
189.8 1.06976 0.437153 0.17856
189.9 1.16784 0.519178 0.179743
190 1.26168 0.602648 0.181041
190.1 1.35082 0.68701 0.182459
190.2 1.43485 0.771723 0.183995
190.3 1.5134 0.856261 0.185652
190.4 1.58613 0.940114 0.187428
190.5 1.65277 1.02279 0.189323
190.6 1.71307 1.10382 0.191335
190.7 1.76684 1.18276 0.193463
190.8 1.81393 1.2592 0.195702
190.9 1.85423 1.33273 0.198051
191 1.88768 1.40299 0.200504
191.1 1.91426 1.46966 0.203059
191.2 1.93398 1.53243 0.205708
191.3 1.94692 1.59103 0.208449
191.4 1.95316 1.64522 0.211275
191.5 1.95284 1.69481 0.214179
191.6 1.94614 1.73961 0.217157
191.7 1.93326 1.7795 0.220201
191.8 1.91443 1.81438 0.223306
191.9 1.88991 1.84416 0.226463
192 1.85999 1.86881 0.229667
192.1 1.82499 1.88833 0.232911
192.2 1.78523 1.90274 0.236188
192.3 1.74106 1.91209 0.23949
192.4 1.69285 1.91646 0.242812
192.5 1.64098 1.91597 0.246146
192.6 1.58584 1.91074 0.249486
192.7 1.52782 1.90094 0.252826
192.8 1.46733 1.88675 0.256159
192.9 1.40477 1.86836 0.25948
193 1.34054 1.846 0.262783
193.1 1.27504 1.81991 0.266063
193.2 1.20869 1.79033 0.269315
193.3 1.14185 1.75753 0.272533
193.4 1.07493 1.72179 0.275715
193.5 1.00828 1.6834 0.278856
193.6 0.904272 1.64103 0.281951
193.7 0.793602 1.59255 0.284994
193.8 0.682045 1.5384 0.287975
193.9 0.570273 1.47904 0.290888
194 0.458937 1.41499 0.293726
194.1 0.348667 1.34675 0.296482
194.2 0.240067 1.27484 0.299151
194.3 0.133715 1.1998 0.301727
194.4 0.0301553 1.12215 0.304207
194.5 -0.130463 1.04037 0.306586
194.6 -0.317353 0.949199 0.308855
194.7 -0.50453 0.84911 0.311
194.8 -0.690871 0.740963 0.313009
194.9 -0.875289 0.625644 0.314872
195 -1.06998 0.50385 0.316579
195.1 -1.29171 0.373542 0.31812
195.2 -1.51094 0.234783 0.319481
195.3 -1.72642 0.0886579 0.320653
195.4 -1.93698 -0.0637364 0.321624
195.5 -2.14149 -0.221299 0.322387
195.6 -2.33891 -0.382933 0.322935
195.7 -2.52826 -0.547547 0.323262
195.8 -2.70864 -0.714068 0.323364
195.9 -2.87923 -0.881442 0.323238
196 -3.0393 -1.04864 0.322885
196.1 -3.18819 -1.21467 0.322303
196.2 -3.32535 -1.37857 0.321494
196.3 -3.45028 -1.53943 0.320462
196.4 -3.5626 -1.69637 0.31921
196.5 -3.662 -1.84857 0.317743
196.6 -3.74826 -1.99526 0.316069
196.7 -3.82125 -2.13573 0.314193
196.8 -3.88091 -2.26932 0.312126
196.9 -3.92727 -2.39543 0.309875
197 -3.96043 -2.51354 0.307451
197.1 -3.98058 -2.62317 0.304864
197.2 -3.98797 -2.72393 0.302127
197.3 -3.98292 -2.81545 0.29925
197.4 -3.96581 -2.89749 0.296246
197.5 -3.93708 -2.96981 0.293128
197.6 -3.89725 -3.03228 0.289909
197.7 -3.84685 -3.0848 0.286603
197.8 -3.78649 -3.12737 0.283221
197.9 -3.7168 -3.16001 0.279778
198 -3.63845 -3.18281 0.276288
198.1 -3.55216 -3.19594 0.272762
198.2 -3.45866 -3.19958 0.269214
198.3 -3.35869 -3.194 0.265658
198.4 -3.25302 -3.17949 0.262104
198.5 -3.14243 -3.15641 0.258566
198.6 -3.02771 -3.12512 0.255054
198.7 -2.90964 -3.08606 0.251579
198.8 -2.789 -3.03968 0.248153
198.9 -2.66657 -2.98646 0.244784
199 -2.54311 -2.92692 0.241482
199.1 -2.41935 -2.86158 0.238256
199.2 -2.29603 -2.79101 0.235112
199.3 -2.17385 -2.71576 0.232059
199.4 -2.05346 -2.63641 0.229102
199.5 -1.93553 -2.55354 0.226247
199.6 -1.82064 -2.46775 0.223498
199.7 -1.70938 -2.37962 0.220859
199.8 -1.60227 -2.28972 0.218335
199.9 -1.49981 -2.19865 0.215926
